1.3173988825594802
1.0687283120690252
1.20305797883163
1.133606408113462
1.024992360452097
1.01092339922687
1.0573566468071869
1.0700916106663376
1.0693722576305482
1.0144103259882875
1.0411111697600912
1.031208573968295
1.0351467355365225
1.3344757003312995
1.0205545467438537
1.052385274854646
1.1619588974051964
1.1304194948744613
1.0575435010922034
1.2130875832049255
1.019200196175186
1.0266716899972188
1.0075956316395231
1.2267963427210022
1.2574401053892623
1.0212038216023873
1.034866487243964
1.06364728570944
1.1476424442214628
1.6461477658350356
1.248633882588576
1.0984148104287847
1.0184523215194807
1.0710268021668257
1.1726736422717714
1.1387900349260185
1.048880845337258
1.3203863403552476
1.1541764006090556
1.0198868534235574
1.008477261470271
1.0394927232487756
1.1203873261213528
1.1805151190526313
1.6031629218405947
1.2665321463846682
1.2897982088331506
1.0887143728968007
1.0420515342704662
1.03252006501515
1.1748929554081657
1.7830975458161304
1.0239360512292317
1.0322548197290333
1.1786165230937686
1.0235148874756799
1.0401954014369237
1.08532808570177
1.1005928947288597
2.052856320214554
1.0697640572952418
1.3853165442546398
1.1413420797455518
1.0433418252882827
1.1977374204599924
1.0741134107173633
1.4168637925339151
1.0460407386196868
1.0046963347743754
1.428506737745691
1.1439475229268714
1.1924299920139398
1.369669857509704
1.3593118248885394
1.0970109986833607
1.2036960226755347
1.0833702583197904
1.042675595356781
1.0213521788523356
1.0993036194056514
1.3150692598008573
1.0209780725583926
1.0237813853503424
1.0176561772691444
1.0465835691556538
1.0103503007499597
1.3127956023506127
1.0277359451682109
1.0222994105898733
1.1187853213645351
1.0295906428134434
1.0123753857800786
1.0272519539286586
1.2353191406795898
1.0758177823023956
1.856491776771942
1.0476390487228278
1.0451880712386572
1.2839951886326666
1.1162867575082303
1.2669361065910814
1.0576370765241088
1.7748201855877475
1.0918873428943052
1.0311018911111658
1.087498018720871
1.162725799579885
1.2325220286991923
1.065092569862857
1.17383547686641
1.069684134396869
1.0761840334449198
1.1552304930387056
1.0711131973309231
1.099135408238394
1.0542500235705852
1.115149250025201
1.1956123340986702
1.0466704967223572
1.1841271656672712
1.1492193626425273
1.0907042090995502
1.0416577395307745
1.2076813337526537
1.0165064378921922
1.0451299900963915
1.054703841264605
1.0685445044352313
1.1493916622328741
1.0438306268438398
1.2398118079405804
1.0159257222074565
1.306571895534522
1.1375673104443262
1.0954609238166677
1.062027016250007
1.11494966001521
1.0715116656173127
1.017306114535234
1.024557753149039
1.5011319068979778
1.0186212635596157
1.0408172453944438
1.0883482935232969
1.027676385585604
1.0573944052714386
1.0649226934965157
1.1721157997280152
1.0459909654044754
1.0251064114630692
1.0283343725896965
1.0430655063109537
1.1591867626212202
1.1338278443858767
1.0130794010303168
1.137513206914807
1.195573511286604
1.1791529318557727
1.2112990209843992
1.0306368207019332
1.0089862411295145
1.0767155849155994
1.5252667526690085
1.031381628821236
1.2414151606786987
1.1225916113565655
1.0208301005168385
1.376420436762583
1.1006565827088965
1.1236151123865779
1.318262905816909
1.1768104072949197
1.1559497756158594
1.110502939766999
1.0468484529048872
1.0027826606460841
1.1754397046681349
1.0145860190769402
1.1135441126929064
1.328644844026579
1.236357767934318
1.0979854254399803
1.2610528549462732
1.1627044784843532
1.0687680848789283
1.0951918916256005
1.0344256672278407
1.0260006591333393
1.1716669893851195
1.1712188701466157
1.0116518134134742
1.036048532981676
1.1585907486066298
1.046766288144582
1.1147767093057832
1.0483162718429104
1.028363918008368
1.0609480347593925
1.051015383124925
1.116148210923111
1.0082454086898334
1.0237070582531147
1.0309662329743035
1.0153213842867426
1.0266912762982825
1.1004433157714624
1.212756232688937
1.0276828824714122
1.05961147703738
1.0772130467982424
1.0458312550613698
1.0555808837865073
1.0842572967651578
1.0206723689405615
1.2266585711020435
1.147358269178827
1.10468462763062
1.1118067881380933
1.0181076052238323
1.0518542792923504
1.0963980885721851
1.0447821391658598
1.864047922368906
1.227921709366025
1.071466226417292
1.2720300568457281
1.0361039519762358
1.0086774665542095
1.2027168445323597
1.1491490022536857
1.1713187446206994
1.0405755711078042
1.012621744829993
1.0095793634470556
1.186750390987564
1.019791013715974
1.1121004116116926
1.2843800534275733
1.0413046371620487
1.106349548676473
1.0931244594041765
1.1120079870130581
1.4335992408650673
1.0940432293167188
1.207516610083391
1.2250788988174193
1.1663259028022634
1.0478550432268388
1.1337954459342428
1.0622212443697328
1.112610063016938
1.08341392434971
1.0659074430834652
1.1005270916048602
1.0648240878415798
1.0555167850614042
1.0504534707918347
1.1943855060135298
1.0800924462138441
1.4263072601344848
1.0546761426800064
1.150900379510096
1.013167746007684
1.9488063814664902
1.0195756121962984
1.1358241372653166
1.0768335148592407
1.2728930592426564
1.1243527988754245
1.0125295689045897
1.1174026624598785
1.0538854609471773
1.4143424639637514
1.0691733914221082
1.0424067555975773
1.0155258424948514
1.037953498111448
1.07163496566889
1.0175127362778615
1.0875209813950728
1.1014160913999105
1.1826420338591204
1.7876541277870346
1.0989108767579567
1.2146314065512935
1.0833438230667858
1.0895241668358875
1.2397852974425574
1.0229594113614637
1.0288344681776835
1.0951084248659995
1.0658410067982698
1.0889456130513113
1.1154044419856965
1.1116500773048237
1.1790211071505217
1.0375623084412713
1.053188919640329
1.0957626729951908
1.0142635357581362
1.1335250682170512
1.0623491236718745
1.1032633089523358
1.2445173358527621
1.3144311754001246
1.0323271690866733
1.1146806032070016
1.1280388706717686
1.0573140158324743
1.0583780941012397
1.1954105585816832
1.04369042973972
1.087430910749143
1.0902901773407574
1.1870970345350014
1.0588377219774445
1.1577194272752351
1.0016493256263923
1.3221523233731418
1.0500774642968784
1.0235787681127617
1.0251357383320405
1.0265415326907512
1.2690117310659421
1.0461803968546617
1.0497337900412975
1.1313930135363441
1.3224002150523213
1.011165900159742
1.0692098299594774
1.0352401207377977
1.016437013404723
1.017315932735499
1.0347554957516902
1.0144822414784522
1.0445963433902505
1.4142054952052818
1.0149221823022248
1.0338021670665853
1.0894965689273406
1.0295885600604364
1.0200765307113544
1.3228360675127484
1.4160656304695927
1.1686537806185018
1.04141794647788
1.3864045346300706
1.028870215367065
1.5865632140098163
1.0305639110775264
1.1808839801451305
1.3607259013651294
1.0583146358180262
1.0155581134282912
1.086565327640837
1.144216275590874
1.1435804851950897
1.0585790333940734
1.179020829234634
1.047584595759803
1.0623613776306458
1.0239676490529523
1.1226092408260016
1.3727700432502836
1.0893428965443845
1.2009630842202221
1.046557908106764
1.0206462362524946
1.0399784283384192
1.113585390190542
1.1268006266915174
1.0268773168002392
1.0729126201133756
1.019472354905982
1.4703202083665896
1.0991866142562436
1.0060605871413062
1.023517888064951
1.1902601352941666
1.6617411683013013
1.0868878595638374
1.148925088906574
1.0598808988428423
1.3138400194818414
1.0229909519019416
1.0745445228683799
1.1466025750624926
1.031719680243041
1.0323657004828382
1.186710891647309
1.1048391179569361
1.176162863383876
1.0566199864972265
1.021742331465629
1.0622812778056556
1.1042115207105991
1.0826949391028138
1.0458062508601527
1.1484175213008623
1.2077246472272596
1.1331565226124602
1.0490251155933283
1.0385730073344834
1.030345035950613
1.0869540842520666
1.061101085264734
1.2446046320029405
1.161421796667925
1.108648900936582
1.0483197667693531
1.007417809310888
1.3373612726852866
1.0192959032339677
1.0460588955309114
1.0284718998785114
1.2391226634785821
1.1467696549183544
1.0075800823494112
1.8286578640747406
1.0208296003139155
1.0880962736639563
1.0830776322834383
1.2188809575340187
1.128832993968413
1.0968160358940315
1.0510128842115134
1.0501740715726768
1.0071025940769145
1.014433858154627
1.0635817322372503
1.374169108293938
1.1686456597406145
1.0415066005500584
1.037634714820379
1.0208933358076062
1.043039454581281
1.0692773058095206
1.0349341860556516
1.017213184157918
1.0671461317977953
1.0223192447313714
1.0554581630778703
1.0187924199918572
1.1132349602238645
1.8946522273579764
1.1003706217256677
1.148838536090374
1.5098754628545448
1.1394037053110484
1.0573852385835392
1.1131189933863563
1.0684113485531013
1.1993503003529915
1.0255621449850794
1.0585857509859702
1.0195858631501435
1.2274407601639763
1.0943916017655544
1.0220472348039744
1.094009824419288
1.236333771891281
1.1995941343861003
1.0253211525056012
1.0845041929144956
1.2235066317649623
1.0519790897915775
1.1052113973018793
1.2942244541081582
1.0436212932296822
1.0328019352175724
1.0807221960054927
1.0413523406418326
1.0630914316121283
1.2817759751608482
1.0754422144111009
1.1441782665083349
1.1479711169201954
1.0153817337023197
1.1883496759335508
1.1999981624224692
1.1501441337520288
1.304290686066413
1.2108718071781033
1.0358237617208041
1.0145614460377541
1.5390965728800765
1.1343497369279312
1.4498182441468597
1.0885987233083971
1.0863654649174816
1.099727127233867
1.0397426049805978
1.1375523173013993
1.1923466095415687
1.1521609604936034
1.0706134847223996
1.1499248038081253
1.2105375181344127
1.0395970988129446
1.0859712251132265
1.0805157732169677
1.3219375671371867
1.1085630798328674
1.0064104589833325
1.0234373032197315
1.0978718911394802
1.0234930987178672
1.0551848102633135
1.2102503461259353
1.0301441560438074
1.084881676237688
1.1083746038376039
1.0898130904078822
1.2359353028827973
1.1138322594758558
1.087007048456359
1.052617236139339
1.3107128611497747
1.0058897841985284
1.0587273547097686
1.0593410349686887
1.0386221353117007
1.0655215017509518
1.1283339896185896
1.1828267958565943
2.218594367334389
1.1759734051159672
1.024164639164861
1.2249855792224769
1.0793182089841022
1.0853217445080994
1.1174430557159918
1.0625156937519142
1.210592453704487
1.0536818874229175
1.237619554648466
1.1700298189035927
1.0665274835456746
1.172341448735161
1.030968529423381
1.4150534522503992
1.0218706986648003
1.111975503683979
1.0653257408150436
1.017462960145049
1.0626433903666688
1.014973209182407
1.0473182576617932
1.332302350505479
1.0596060773897105
1.0505061105520892
1.0958123902751877
1.1610701922117266
1.1169089829510108
1.0806355253758697
1.0479442856747863
1.2681470239155594
1.0338752736644163
1.018886683110685
1.0627018926400555
1.0223884620653634
1.064122209187296
1.205718677179638
1.0417943135786567
1.0460355008037165
1.3750057960390412
1.0924997523432758
1.115003860416821
1.0437555698211796
1.0251037572148811
1.132639537495361
1.0280626581782264
1.1582346692623093
1.0190211578377488
1.0294826380199067
1.039462864240845
1.0580183286640525
1.0662021591724555
1.05372671829225
1.060389257281916
1.0745931597995173
1.0064513202115672
1.1301179133411159
1.3733523203382563
1.1024902023188883
1.0082285341456194
1.1578010718882912
1.2230218000549278
1.0311620604105531
1.0403773361510282
1.3771981085653047
1.0252783235899998
1.022669166514089
1.141652005275846
1.0778463176640256
1.3327027571214638
1.0468159968671156
1.0691839971391808
1.4639110982535253
1.0325002496375677
1.1127721658338374
1.048430192201585
1.429207297231137
1.034384307682348
1.15881679424285
1.1819463028020143
1.0470875451625146
1.0221929140285284
1.040623452960323
1.3511972349974037
1.007908341665498
1.003418776699184
1.0213267860962263
1.067303844316803
1.9270651186296601
1.0085049439873108
1.0296347375573773
1.037268762511781
1.1123926111730646
1.0269723812730083
1.067790916370888
1.283960021113875
1.1190293277594878
1.0259818845497903
1.095501763227311
1.0871381725391358
1.2560999993441768
1.0417850492681922
1.1079585408620491
1.0587742507338769
1.0092375443751487
1.0111194872104932
1.0670208896255446
1.0425838054365062
1.1285597379652654
1.1306939968098308
1.1012116816793718
1.04819648050546
1.1905645850423956
1.086983699618589
1.5785636905121727
1.0322749309213197
1.1710527195060794
1.0460591485028192
1.0578067034857956
1.009575439384326
1.1979838556903137
1.775196358059246
1.2024315276172963
1.0719346141763455
1.0635197802114027
2.159418273370094
1.036199612551946
1.0416798777749199
1.216048644456247
1.0291429585302092
1.0151371074309878
1.2843120226633455
1.193140796053095
1.0919424622951734
1.0669304673225923
1.0555383941828969
1.0357088548440603
1.019045705481639
1.0177663192557558
1.1338281466680131
1.2230788426049333
1.0369866411605906
1.135435708090477
1.097997883964276
1.343117668464976
1.0228938907607688
1.0092983600390457
1.063717018545722
1.020535262764362
1.0317552135735746
1.1200933684634247
1.0241497003292563
1.0831491754487315
1.0073324306586309
1.0207416187553762
1.0201018322835003
1.099165730852436
1.1435144932102674
1.0895072589899812
1.6656222772897242
1.0256487798517808
1.115761525460804
1.0226883697973441
1.0857119868395666
1.1277465555490365
1.2933529879587216
1.0320537264093472
1.025953349175548
1.1195529868526268
1.140348815304062
1.0437664559949857
1.1651703251762933
1.0949891013491153
1.1742726693504029
1.1396034864034714
1.282009928152431
1.1242248578549416
1.1444066791467793
1.1140333919740404
1.411515005673391
1.1476766007301245
1.124429534714972
1.0130362009211609
1.0473638067437954
1.0282075034256286
1.0725038340360111
1.1794512069168113
1.0912077150717547
1.0894760135780825
1.0140164371909186
1.1459952905430766
1.2050241374673718
1.032743222605108
1.115416899476602
1.145709678787841
1.0397195639466918
1.1539904378827206
1.1833859919116694
1.3109826247191143
1.1224054055317192
1.0493736504315372
1.0279058654513356
1.057524376844181
1.1702108540290517
1.0210488828943378
1.0444044601690772
1.0757804918325675
1.0254709367358048
1.0654724307704668
1.0116315421805286
1.5746692560996407
1.4055999212434287
1.6733161245586006
1.1332680090053089
1.0792308968565245
1.096935690255367
1.0397169358905782
1.1536966327026512
1.0376880464542992
1.0818079824367026
1.0160176795693654
1.0662564625954405
1.0255567824287426
1.0085502528277235
1.1273449709695156
1.057914641620659
1.0790048169415651
1.1295692509939421
1.1275419439626422
1.0751879002084104
1.1176841901117038
1.0426019498742862
1.2337945650091005
1.2798793668500315
1.0671758688453254
1.0317002604666834
1.0208772257747734
1.0850509616316013
1.3564476535374848
1.011040744630603
1.2321098357290252
1.029778546109
1.0521845703531776
1.1205288611783153
1.7777889492273968
1.0414039947921885
1.0137981128009743
1.125079982645852
1.0445041613060628
1.0089010592229366
1.110145358312904
1.0772380273322504
1.1284588347684499
1.0760391122833952
1.035244152749947
1.1295593009455698
1.1033322557978817
1.0139098817594658
1.047586750325368
1.1185172146756306
1.2123848857507171
1.109573115950584
1.0713821746214072
1.1367186032568475
1.195414412426391
1.0210123688769597
1.0771481398085416
1.0130181165023822
1.0458986236137857
1.0304960515141623
1.2391708348868173
1.1683927183237506
1.031186298472735
1.1483765530627925
1.2382957676826947
1.028958506462073
1.0177907305748046
1.1227656728853461
1.0697644473630485
1.0161063334462843
1.028511906740365
1.1957460790372045
1.044521782709542
1.0744122901689954
1.0971932407646172
1.2781601582578503
1.0712403502497123
1.253736945912821
1.0586596052740351
1.0434116734036991
1.0248765058723273
1.2565833320745892
1.1321506756133877
1.2381363648398462
1.0667501334365561
1.2449704980089198
1.3342836263375755
1.0505768259752855
1.039200328834577
1.0580288494350019
1.1132409979210502
1.194737128267141
1.0224813351674642
1.0122498691395403
1.258280499509897
1.2389925830370316
1.0794932922788296
1.109782606008704
1.0906286795107514
1.1393626030836501
1.0559826839131308
1.0904009653545252
1.0333010448153483
1.1273111120168637
1.0649115321124876
1.1081966241691668
1.0096370637258567
1.1258134786975322
1.147865325040214
1.055876001701179
1.0049127091884418
1.3514061345316613
1.151155933600144
1.1216564735322891
1.122253108139821
1.004695433919692
1.0233417588254012
1.1331686211304912
1.029698277153066
1.226627802044343
1.090255190012592
1.0153145738809577
1.205121401544545
1.0954438562168236
1.0221345428739486
1.0311334584960603
1.0404164035640722
1.0876506085093358
1.138084005174097
1.0353569787517027
1.0392192130867668
1.0718703686081619
1.2018402100495587
1.6881779118974793
1.0323095450354054
1.0397310367261563
1.477783650538068
1.1285254764211259
1.0941102235425557
1.041736074404788
1.0362873319972927
1.0506368276961986
1.2122939526422243
1.1186000116766286
1.0372571776553097
1.0882867157809264
1.0849661482160942
1.177191677992466
1.0457866635171873
1.0279206434513417
1.021830446484429
1.091303434307785
1.144474556121414
1.0579060630739405
1.6094035452556688
1.0459268017370063
1.510256161796682
1.6221758191837659
1.0992911131774457
1.1390198646680738
1.1934911885647854
1.0366899735414494
1.294782512831191
1.0701858932747221
1.0515906495282556
1.0853467752666741
1.0989615602393967
1.278895522913895
1.049872369928047
1.1531912670087556
1.0443380558319666
1.0282712985927547
1.046568721766614
1.0443468579272075
1.0341098333470018
1.3369696907031046
1.0640946455555285
1.020923882374012
1.09076900578138
1.0345924832445357
1.1195843516840098
1.0122992103199313
1.0653053904001266
1.3080516998453198
1.0229361669072754
1.0391202716563586
1.0914832877404723
1.0131688164767163
1.2831218792537304
1.1777399810169196
1.1568234248409115
1.0421712346092142
1.0911473775871856
1.9642761634839692
1.0271961464998882
1.0333555126301357
1.0130690919203826
1.1948831063943408
1.0609298348045861
1.2557805164596727
1.0498572338223646
1.0699875856081469
1.0485197554041672
1.0088333365423219
1.1048020391112319
1.3471775351719122
1.0467988387036018
1.265361893124743
1.4561520072950898
1.2562266263537352
1.0639734154478808
1.538452060639087
1.0829658767689474
1.165899812367395
1.0658638689280748
1.150036491733324
1.047255958765745
1.1090812661260978
1.0914697642759832
1.1555281640224224
1.1911809910916114
1.3390854945284287
1.2255989102973501
1.0735393194994471
1.195390484060508
1.0247053102883361
1.0462194252516448
1.0281326693212134
1.2026450101058055
1.193955341907732
1.067464787961537
1.358530861113481
1.012946322900026
1.0354197499380373
1.0259367658990053
1.0847638186942603
1.0904016135776826
1.0673450776475806
1.0748966650511584
1.098524804135253
1.1845597690638867
1.2347317217309766
1.2956674052554855
1.1185822444100282
1.056119113947616
1.099148708603042
1.0196725028975793
1.0053881147899235
1.0906453696120695
1.206745034755015
1.1036547053062893
1.1256463361455233
1.0651787848161904
1.0760483393210543
1.0151081269230144
1.0194793894721452
1.1655818902267452
1.0455702131855755
1.1223329660749974
1.0814493872025552
1.006294917773588
1.1407155560385331
1.1471603605446126
1.0870354419008648
1.0397497764809045
1.0425633907781788
1.4187623813587236
1.0180729457991917
1.0039037053105162
1.2347151681744868
1.045952767978119
1.1060307484035843
1.0994088311738326
1.2761155145132204
1.2491904685714217
1.0935816096839865
1.0165902120617156
1.0565538507301093
1.4622314716899822
1.1198376318061418
1.0771852924383027
1.3861256317627235
1.1290831249784021
1.1395011789005278
1.1858397581418552
1.335406306021061
1.081958166483836
1.0145553071400617
1.1669655914668382
1.0833314330759032
1.0175320509372519
1.0186445274914622
1.1124350734196733
1.046304368892362
1.0134221223564355
1.0640011902458184
1.082137526201443
1.203479119975277
1.0589615646357753
1.0825039609549156
1.125786315681105
1.0467257214359522
1.10711222912095
1.1652434998028127
1.0405831282053393
1.0523563941348293
1.047716053788179
1.0425041379731241
1.0727920756603355
1.024599670790564
1.2458811781729349
1.1147972323917594
1.0264836951608751
1.016118307322733
1.0361439914337525
1.1517353852048469
1.1633620762641057
1.100925573838555
1.042503308081213
1.1428608744910684
1.0864629199469462
1.154962966166293
1.0382131439744935
1.0614942272242271
1.3733232260191386
1.2635985127237739
1.042875883179225
1.1078136358608712
1.1199666160198425
1.0143063737529474
1.011362714846896
1.0387303028388175
1.2438548354659755
1.1012447550631317
1.140736443998833
1.0909670480907092
1.0166735626700687
1.0111317198815692
1.1060073620618593
1.081356246994997
1.036349401406573
1.2956270197301218
1.2483170703339825
1.0169122226785956
1.0275130854611096
1.0977570220512975
1.056302510311662
1.0925314916685873
1.1163636194911617
1.1625895893379616
1.235550330745155
1.0802401903334669
1.215795758553372
1.013436218098068
1.1943541407812504
1.0422011356330432
1.5046514292222637
1.1393021013635891
1.0229485772001385
1.0433083271690846
1.063101496109661
1.0487187522406716
1.070187639651193
1.5325193922029507
1.0058878318741755
1.1052599457039778
1.2081395228284513
1.0252039509400945
1.0788535524987888
1.0860101989142417
1.0181628724297125
1.0494862398044307
1.0288404401738078
1.03995036258707
1.0548519692439942
1.2188593288455272
1.0751887640076927
1.291421348443733
1.1097317640154631
1.0053619600196482
1.1897760534865482
1.023114540487319
1.0896750894459442
1.1223498113820851
1.0940007904745648
1.096210492876621
1.0358358329974038
1.0541354458283039
1.0494293953095108
1.0677237728207833
1.1166802428004754
1.4926363240556233
1.0731646064086522
1.1330971713095606
1.080587781025665
1.3119627901326274
1.0897149445031191
1.2102718501071126
1.0261208913533755
1.027514082777607
1.134073386217532
1.2352231518752679
1.7327908578596316
1.1384776484707702
1.0647242447205627
1.2550592372355842
1.1280851705237147
1.1261093055991473
1.1892271454426646
1.1329575909570018
1.0205346049356978
1.4952689616479409
1.095684771108136
1.0117902717267857
1.0231168896332674
1.3928127289478596
1.056514960622415
1.0383912484461668
1.067934344398742
1.053848231917014
1.0908274393900104
1.2472340992480382
1.0234913411176634
1.0745321866426396
1.0849008164834137
1.0564223636366636
1.0314614230558976
1.0139042589630491
1.0528462606823303
1.0563007727617035
1.013496781150636
1.1095302572204713
1.0783178058172411
1.116180207064029
1.0551996717593555
1.0298671819038279
1.0605335785610717
1.052164727543756
1.1078167871941238
1.1947405085097595
1.5129921171608098
1.0149018531373444
1.1175187534585904
1.0384130889584886
1.0950020656071309
1.0178079791482622
1.015899495802684
1.1379137031965114
1.053525338901262
1.35741025087136
1.1309592519688954
1.2667680358174849
1.0773999949040503
1.1154899547337547
1.292056547132907
1.4547305229630556
1.1894416762144122
1.1314279950856696
1.243203090325185
1.2101245845314899
1.013543674705561
1.0387572562594451
1.1309960827238494
1.3173784986451
1.138973522675044
1.0487267977633647
1.0220096914631696
1.0346409041748659
1.0153123953634586
1.1393142887235987
1.1543291496067494
1.020235815483426
1.0351096509922029
1.0257097012767664
1.210168528683768
1.0480843280842351
1.1420985724336032
1.0205601309752363
1.0607272899801685
1.166300779976875
1.0999430984471887
1.0379409307017304
1.0383485605299898
1.0109670659729502
1.201669362314658
1.3399889393801123
1.0500753381924268
1.14163756066367
1.1369765280446735
1.0656948315717751
1.0289772173529037
1.0627835806605874
1.2327957250465145
1.054642235649376
1.0144898287196957
1.1562580621002037
1.111813349940847
1.137009948294842
1.1852396755226777
1.3653048434324941
1.0513803024334194
1.1397144047010037
1.2135250868932501
1.1839883199676349
1.1164677065694577
1.0389424749904284
1.366923390803073
1.18467946895366
1.0357357202818824
1.0391188110567506
1.027035326318464
1.4032749776071427
1.1709887805924672
1.2004532076953895
1.011436742412521
1.0910790142182534
1.221992791161451
1.7611004149795912
1.2066251278404245
1.0244560973632144
1.0685321071931901
1.5330576990010463
1.056297381646117
1.1269753904178466
1.0401617454644763
1.1543642334692423
1.1566558541564151
1.08001726711102
1.0345925940689527
1.3081076207276434
1.0897213168288788
1.007695505916667
1.0407536237785922
1.145988441578439
1.0352750989353723
1.065574696325141
1.1336661420206922
1.0213926230783719
1.247373967601492
1.131559964760035
1.0550366471236363
1.0266956454506793
1.062366361625055
1.0683843141205664
1.027382922324718
1.0642910483762547
1.2376465352792803
1.1877922443572362
1.0941560518870768
1.073486510794189
1.0527757510227567
1.111864100889188
1.1725385203810716
1.1595796949314932
1.0221113877791774
1.0978293099390142
1.0248987009966066
1.1977596668433284
1.1093077352278746
1.1214409522266586
1.1343279027788828
1.1621670279743344
1.0230726272718997
1.8513365989832962
1.5160201925303693
1.1666571522400124
1.0269158037630852
1.0494292704773787
1.0947046615924088
1.0883917061536224
1.0247868718828304
1.014981642383774
1.1108217493732453
1.2087589875395335
1.1527257961331185
1.0447514071283877
1.0896482424920297
1.1588448857008606
1.054695397485528
1.1225725555001211
1.0705349495394263
1.1894934941660154
1.0452005815339804
1.0734713766864081
1.064896644806816
1.0811032397360736
1.0759645871855752
1.030986357661223
1.0883185233991637
1.048149993973513
1.1266825424032414
1.0090968385125658
1.2052342933251579
1.0240988918874117
1.1693142387187563
1.1051983498509201
1.047413639777487
1.0248634621157715
1.0302276465554876
1.0033965648316283
1.0239421744332504
1.1390464719295188
1.1968569464568044
1.0869206691713469
1.1752073878712928
1.0431216932575917
1.0337366158114265
1.115913933407558
1.1101705000961508
1.0339142280041758
1.0600758146743603
1.015874937747587
1.0386285393356578
1.0505468902896373
1.0510496941539131
1.0599394057231033
1.015719872702874
1.0180724599270685
1.2623711364489756
1.0336708732644058
1.3021258411244425
1.0925636181470089
1.4950207409368723
1.1166513440540644
1.6026204119107343
1.0273828476931088
1.0362517915470855
1.0479353186246771
1.0463521897595545
1.126761693498223
1.0926759533515644
1.4653579997608512
1.0593504831914713
1.0106243445223777
1.0563235633265242
1.1564358836601876
1.0072841903866618
1.1502593668079677
1.1120929529833126
1.0847285802767686
1.0128786467238184
1.0055662772147567
1.0850553617726462
1.0643633762115075
1.0926966445637183
1.592844203491107
1.1296050928044448
1.0996512669213896
1.10749515155353
1.221444995016337
1.0344028863952472
1.2298501257804355
1.1257731816876382
1.3538213651666606
1.03498185096277
1.05419585991273
1.1468309832576018
1.0165278416829646
1.2255055456317792
1.0215162911700384
1.0400630685932295
1.0610930069149418
1.0388420097185942
1.1020141235339538
1.0202982387107289
1.0539341699997005
1.182974259017403
1.0729783096007521
1.128681849119251
1.1287882534760205
1.0699348015422359
1.0555736950287722
1.074670152903248
1.0628015594250735
1.0310101021853006
1.115629422326919
1.0284287137782537
1.030716685318706
1.4250258772863162
1.2076997963342075
1.0314821115365282
1.5965402931731687
1.0197604773789963
1.2456654608218418
1.0691584049186873
1.1922094986472107
1.0230236274117377
1.094804362731102
1.150268991512828
1.2424302080370335
1.4368520479487126
1.0263795458903002
1.3181781051173653
1.05988860137651
1.35097517391909
1.5124861872636939
1.0719746727475477
1.4147783615711134
1.176657625720991
1.050752087853805
1.0326751782957824
1.1048076324581624
1.013674607190746
1.0175032403528426
1.1134571875622652
1.03846524269764
1.1217904098335632
1.1663238604104622
1.0576888213747133
1.0414386419918027
1.0289263790437666
1.198880005000873
1.1547626466815442
1.0421948373262202
1.346953996030889
1.4473274089336339
1.0546413406992392
1.102900607969553
1.1242683030276672
1.0352784807820388
1.2499578698103413
1.075363277975148
1.2334712322303536
1.1579641207495175
1.0601679207207686
1.1446988812041918
1.0403508480217436
1.0257043495557867
1.194608806884052
1.03180325106814
1.1083534745472041
1.0157597539914163
1.0862610740003518
1.054027930820826
1.058361734549383
1.0299381842534787
1.0726677040000994
1.007365108298649
1.195354290845994
1.1743663384261163
1.2047132563180996
1.0682824143023393
1.0311553146543555
1.3927745702911827
1.1339092704729816
1.0479231674531726
1.0784295734712992
1.1641291689635196
1.718712492527301
1.0211664701999714
1.0594070408779561
1.0336530447243952
1.101248748747427
1.1047867003418874
1.0821679297978126
1.035808899182622
1.1389481723055264
1.0863197792170065
1.0564640592284946
1.2054425241861957
1.1902544741696932
1.0377818141563633
1.4595208345574775
1.04225031168051
1.4110439958471197
1.0059863604978523
1.043364468662406
1.1605970968973882
1.2179976131408816
1.0808476899235124
1.1027124048386108
1.0528511871166066
1.0240027533716671
1.2243987737081177
1.1442574785834927
1.605235982623322
1.0611802299572797
1.2231804740696708
1.2033370083766157
1.6882284550043078
1.154263331511022
1.207122682140599
1.011476086770396
1.0102544007083156
1.028165623604737
1.0377906352179085
1.0379636071483367
1.0537387825593303
1.109673042148057
1.0274013922336531
1.0642493029864732
1.128253573329084
1.2827960470052773
2.0746797086664506
1.0372913141214382
1.0949510351967293
1.2207198449719288
1.1033055564386751
1.0462514348150125
1.0193492741861194
1.1776167466781935
1.0406275613163638
1.0606454819694149
1.0511444201695466
1.0282426596509042
1.2709288504386627
1.0274953726032303
1.3345823461113306
1.4422041773075422
1.0676209784073063
1.0338600602368684
1.4211937713033957
1.0644695666125283
1.1235198459810405
1.3095568731842282
1.853800602645428
1.2014122775626757
1.0094997548876385
1.190090527024143
1.0806184386705875
1.3732011942062767
1.0591345834487476
1.2080129724812516
1.1610710846476047
1.1454767788054758
1.2644672925031564
1.0149391014825644
1.1834188236096461
1.025885841118706
1.0581786777552393
1.9134391524863783
1.07294531365587
1.1474796097984012
1.0207535040916753
1.0308752171833242
1.2146863005517676
1.140840628133593
1.0645342524894439
1.01587822878322
1.0609117233260115
1.0293486096152002
1.1797304961032717
1.122540818481031
1.0355610716566284
1.0280292640194895
1.1874044924762257
1.0446839547454845
1.0422142571291113
1.0221723119830572
1.1752766981123008
1.0082449782629423
1.0046556691784347
1.0541270633169681
1.1318059696318845
1.0247270351101805
1.0797732301120466
1.0143707688473145
1.1862736635473359
1.0173733816246604
1.0440441502065656
1.0685369458631166
1.029173486089221
1.2214561290152017
1.0703196318437413
1.2800023393554405
1.1862895776688596
1.119535504579599
1.1458020883040911
1.0240542202461316
1.093137331662451
1.0850111222749836
1.0144323947015752
1.221914947702199
1.0433374861491955
1.0618354388245839
1.0396962564771537
1.1178647154209587
1.200790974885282
1.0216355065522535
1.0393055884567661
1.8391673488201117
1.0549603355750645
1.1358178369376601
1.1012043158466296
1.2335941916119864
1.2391278046073255
1.1321184372989765
1.1130033987245804
1.1410636197467976
1.0268563401454727
1.6837461374688203
1.0869538347285297
1.2873027263526209
1.1541808062973815
1.0216481178190737
1.0199035397587533
1.1604126845715952
1.1545643822489366
1.0901612264615408
1.027455270505589
1.0656654798546032
1.0395917564700246
1.1151601857106375
1.0346939805966857
1.1046625736585003
1.0151787758823112
1.2547539687368208
1.0638475872561313
1.0460729809099656
1.0260882532666977
1.0307542727642862
1.100704441596569
1.0263007194872924
1.0499001039421387
1.0152969551296145
1.1715082628712399
1.3116917242933048
1.0213780757575734
1.0279401166082323
1.1494302390953723
1.1405635042814601
1.047927319866516
1.1017145803622506
1.1064193151586001
1.0514460502927834
1.4244688609418061
1.066245027116489
1.0162365294859108
1.585841878212957
1.004747583521904
1.0249060212641143
1.2680744385433875
1.0349598670741198
1.4836977492947037
1.412472872828641
1.0854272043237192
1.0316422226602824
1.0501254021394106
1.0410869885582157
1.0718654225708613
1.1180541924368177
1.039370855482668
1.2191554031203002
1.1837427604672237
1.0303973855451103
1.3527182333328893
1.0684951730292573
1.2071212403002827
1.0157069827671201
1.0642758543423705
1.1457197724200012
1.0157341394973491
1.1240598186196273
1.0937790182095393
1.028697782817965
1.1377899273285836
1.0667139886070343
1.0423423158466303
1.1060972507505369
1.2858174784375151
1.0360895785422632
1.0780990777102248
1.0173149018571415
1.0361524051491982
1.0446268053769674
1.0069019741826695
1.7751829741494376
1.1011572044482274
1.0299821543769532
1.0531823833750267
1.0353351305349392
1.0121449543914962
1.054059857226484
1.4512957136121647
1.0289829943595075
1.0578757341068163
1.06257528902452
1.43337188223161
1.0086836973141684
1.3985961302216283
1.0237746731552808
1.0422847490823255
1.0240901149080601
1.389721162472001
1.0483118162417293
1.0098464619733163
1.2659033199850782
1.295801079379567
1.0198336469250024
1.3111678720976045
1.1003444330336747
1.021929456809465
1.306064707404726
1.0962568474792924
1.0461100345242529
1.1182356769042954
1.0376347009099514
1.2590516370703646
1.0815498046622671
1.1715483259588197
1.0679213404944734
1.0900225198602311
1.139656357703791
1.0491422546008817
1.1237667008645034
1.1128752759272182
1.0294543975384616
1.1128433644547129
1.019833888529371
1.0771316370740305
1.0517326262484257
1.0559313721918273
1.2082487846449048
1.0470938929087217
1.9138454216873617
1.0076928121780984
1.1493161450883098
1.0792507190272491
1.2609375040951782
1.0497124964091094
1.0405544707923517
1.3099961339692454
1.0194210332769191
1.573393475306009
1.1143474592982772
1.0721445839387478
1.0266851600211622
1.0324202168600185
1.205347581507603
1.0435328095582923
1.0524802407287512
1.0614298302718461
1.0653539394254705
1.0608293710232721
1.1219965583005749
1.2557693819682627
1.0136950162602587
1.0600301286372897
1.0506799482451232
1.0461696053389142
1.0216677066586228
1.0289887450274768
1.4995108114110418
1.185442378490628
1.4389549397072334
1.099725525747196
1.130199095654141
1.1180281242177157
1.0677793862359193
1.0822733474589032
1.0819664193519916
1.0263451308094027
1.065607299371265
1.0474514168531954
1.083079678295652
1.1335318815250233
1.256489803538244
1.066440216443613
1.8390897334120668
1.0357491091218363
1.1207319776898534
1.0722410121585901
1.0328207763688693
1.0487477090321033
1.0443519800627497
1.092878053247851
1.0425349244185247
1.033804708695333
1.2020947786638405
1.0791178328260163
1.1200954599766253
1.1602160028834483
1.053774261336952
1.0560606840434432
1.1810091487062837
1.2405118673998234
1.0370401556400215
1.0729116452199123
1.0449375073537572
1.0181694104999968
1.0085005808940364
1.1265722775947196
1.0637232278153317
1.1667236047446667
1.0839392080510548
1.1402868149097376
1.4345722052276562
1.045315552782759
1.2737246658976609
1.022219041514734
1.002453840480922
1.093980893277879
1.0733346270464745
1.1694198705585077
1.1351392209968687
1.1315315071915313
1.110990261051922
1.0222840214125524
1.0703035295853074
1.0144835538171983
1.0590794012786824
1.041951678774585
1.0200638223111824
1.0240046549808943
1.0208380701723556
1.0105650904499572
1.1033454305950996
1.1187060945420337
1.325406312537982
1.1521969168738788
1.045731730799925
1.085597294785573
1.079159624328437
1.019043443268891
1.072698827942148
1.0130256216280498
1.0933861663779856
1.087697746816406
1.018072422390946
1.0540463214076339
1.012496291081686
1.0818724650173313
1.0365597478546045
1.1935218268362653
1.1109017558474814
1.53271332613623
1.1436979250175243
1.0283636643683263
1.0309496503856599
1.1767804044478678
1.0486087569137246
1.0633560419237102
1.0637046375034114
1.160051330398208
1.0221206182744336
1.4817047858548655
1.1987517230470985
1.018691817454403
1.0232502878080447
1.0825555589592009
1.010698425116161
1.0584972675511368
1.0770294002473102
1.0508234095414721
1.0647873933022383
1.0129610720418265
1.2341317338365887
1.0626770383657096
1.106699698972535
1.2964698940223087
1.052296234532537
1.1846242251990826
1.0113138840143108
1.1092738476006463
1.0497845008998186
1.0520282642168501
1.1068228917931469
1.064061153615548
1.1364593307124757
1.077536463923633
1.0634492693014967
1.108008733298
1.1918430452505122
1.0420125369618538
1.2174809377428433
1.0218893193125953
1.0201656149400145
1.2108710538738878
1.1464348354876992
1.1462239435706754
1.2654173436187786
1.1471476496857895
1.1834117363350118
1.0481812890754427
1.1200026703412915
1.2261639680432144
1.1449819154035819
1.4018426595037867
1.1128682428499197
1.0441920567813359
1.1385287573889236
1.0353693018541372
1.0326155388589229
1.3936028098552837
1.0893441102401509
1.1405792264598378
1.163536529181115
1.2769654205154226
1.0705530687018763
1.1056842847902781
1.0297271406269948
1.1418713765178878
1.1112009477798643
1.0571838141910104
1.0908530411035133
1.0494609485770663
1.1367174869093786
1.0487271573266173
1.1956141029236185
1.1274201444445688
1.0277171468080684
1.0599250730698675
1.0447766537202026
1.0641367616484607
1.0355535957440614
1.1601284641522067
1.2149669804693781
1.0773395846185654
1.2260946363401468
1.2105652804016762
1.1033934295886332
1.0332698381992143
1.061717569704277
1.1724331134938146
1.0432811453734585
1.098915269770667
1.1613430114840688
1.0322091001856948
1.1669172972336324
1.0260274368076516
1.0377557670813398
1.1287336760097995
1.0863432023236772
1.1544053820693163
1.255703372516658
1.1745408293698545
1.0863980714049357
1.264826231877774
1.3104873523446352
1.0157429824587305
1.1997557129898762
1.0714386792732664
1.1986692874351825
1.0760065045703
1.024311512670138
1.056079153429012
1.1158385987140205
1.1960680715602512
1.0593190960918377
1.0472062853948025
1.5016573046795862
1.0430870627511035
1.2421074110444745
1.2523143915294412
1.2824050332970625
1.4773266490598802
1.8971757062376833
1.1380646530881753
1.05037936733712
1.0557541477586145
1.0862659991188892
1.0363697713432316
1.1204640450111465
1.0939236868126991
1.0788497362136866
1.1996175801158753
1.0525014702461297
1.0419873256848247
1.1944394608522337
1.176870036071872
1.1251205021603572
1.0476413343890352
1.09567506560674
1.0282389653556707
1.0432354268847295
1.0527396354855787
1.0244163935478394
1.0105212855583006
1.0972320645421723
1.1441890137443549
1.052809582175416
1.0631760148501093
1.2101881148644167
1.0864241630876204
1.0643821251811059
1.6894323494247008
1.005035284282676
1.1088379846273015
1.079303666731156
1.075322053543047
1.0321358581196451
1.1292816278888675
1.0280656089856859
1.1333039703607994
1.1306329826899901
1.4681407124827102
1.15650562014225
1.2354063819010026
1.0317965178431394
1.011061979275435
1.4816807560639955
1.0517594344644923
1.076542572354075
1.0821262670586513
1.010623457519124
1.0543674755685826
1.1170397478979301
1.352076532999167
1.0787506191288994
1.0761843430187301
1.144814510255094
1.0664881990889732
1.1531387660284271
1.051988563517947
1.1944028918217933
1.0678053960815417
1.0109290798819208
1.0328125080253872
1.0573588232361315
1.671006204419225
1.0124350483405467
1.2621693561667242
1.0252181348734069
1.212790476998991
1.1543510767170715
1.1695749596802107
1.0120861490696567
1.2516471072936186
1.0907045742706514
1.01659505261767
1.0653333510882557
1.2691805206187325
1.1162739144701805
1.0247128813040474
1.1250641782714892
1.0010985094285945
1.016435024395073
1.0384308680375887
1.0848888159920596
1.1196183429017876
1.0968665732174403
1.1779386342895055
1.0220177882663293
1.1930744723111137
1.3816379625607984
1.0521804323043407
1.0851545518249242
1.029331751047262
1.013463267701572
1.1525258468249344
1.1188457165110204
1.2685653044542726
1.0458114387675095
1.528377740643193
1.0283502464770493
1.0845221919034085
1.04476451159334
1.0938683003680794
1.2421726352767906
1.1759487902106196
1.155565476595432
1.1692929710654238
1.1477421723925565
1.2627577937113994
1.0074839951099406
1.0455183134786505
1.2672200994217369
1.0085700345555961
1.0452874988833898
1.0725467807270985
1.1368959739362776
1.2115965942312765
1.0408954058862636
1.0416235607176052
1.0694498281469824
1.0267373169664111
1.0162770995825532
1.0904900625545193
1.0887760378294629
1.2631438145689098
1.050267020973554
1.01306377277175
1.0129334078389556
1.1058547087327717
1.1769416519085185
1.1623693600617866
1.0181233536657
1.210702845991031
1.100724504464902
1.1084899308957605
1.0596949814033407
1.0689833572569354
1.0189998777975495
1.0929715371245463
1.1132994243431915
1.0552206228712486
1.0848395817653549
1.1557194526738308
1.175556722693711
1.0443812227874325
1.0247749344351675
1.0725903778422066
1.4050269036086884
1.0303421992644928
1.0848174007101217
1.128207398372076
1.074516196625618
1.0313140952542248
1.0413076990254846
1.1372213887727245
1.0601085940376813
1.0431540179882912
1.018863095993057
1.0241756098545638
1.0775228821760416
1.040832571946972
1.2237751608709728
1.3801053688943068
1.0926250260857129
1.0383879279925075
1.2903312475239734
1.1554109870905787
1.145065414664823
1.4459754901975297
1.0578260251807905
1.028245300889281
1.0487607597478041
1.044045982589478
1.090325661661266
1.1483539325681393
1.043763392028455
1.0928442262562945
1.0887738346729507
1.1847856969979016
1.055186909804202
1.0350485520383026
1.028021402880726
1.08146959937305
1.1507092588968315
1.146594692989349
1.2234193709152938
2.146147190717427
1.074708917104554
1.5198477374674155
1.3899495172745413
1.0857301958427952
1.1865977997035353
1.0129662572878484
1.0087062015822061
1.0542410034371745
1.1411131217463366
1.0377245373983557
1.0557946050145752
1.0331981652010278
1.0914602008621703
1.1688016052458237
1.0436145551810767
1.0249215267383214
1.043141798807821
1.014090593330965
1.0522552952638964
1.0307476127544228
1.037561018518229
1.0264868181909816
1.015330677891002
1.0264784278280072
1.0460076285410174
1.0208843663799692
1.037334917858855
1.3593355278895047
1.0297502974765123
1.0445890085770522
1.0428926694437521
1.0097886618317131
1.1460392567348974
1.07742243717899
1.1098849225445293
1.0115954885435354
1.04580753290874
1.031028606485454
1.7992811241212954
1.1488861358548779
1.2473791558708616
1.3019599106805566
1.0134263815781426
1.0220353913327316
1.0703235193436242
1.1137281750280585
1.1341730130028511
1.1964827818897081
1.0661653205058117
1.0758309284971617
1.0606804486592623
1.1308414487963172
1.113705927038047
1.1274291188681738
1.0051186236351635
1.0661140214985154
1.038952282863292
1.0501693042337328
1.1226671301233513
1.0316279470142855
1.0106549234176583
1.1909556473934342
1.383620059252667
1.2488414511005705
1.1959763209750771
1.1829268702231368
1.020089403663984
1.0181467198718999
1.1312552611889504
1.0290883210196133
1.2587887376240263
1.0671029658793347
1.1822631093526526
1.117538229204224
1.0404338936170143
1.2537282136670918
1.246800214768878
1.0322891119753361
1.3106187637467157
1.1666968100211914
1.0374638500551299
1.051248085127807
1.02534493704257
1.104769044550197
1.0951563286660877
1.5530616147960272
1.075139150199699
1.0070500067803012
1.1476140757921705
1.1951830636576968
1.4005288579868231
1.0749463942812638
1.019958432670385
1.089084989536362
1.0694587944024896
1.2214363987164905
2.09567548204287
1.173090942575258
1.1248879780670151
1.212715737462328
1.4765681544061213
1.0596468366882654
1.0799897265870286
1.0535920106019776
1.012317834513519
1.046895844849124
1.2046620024105958
1.053402023624799
1.1571156521794022
1.2044443216889469
1.0469782197525264
1.641745722129822
1.1410480331742034
1.0726121647759874
1.0350588873373727
1.0161842220150152
1.063697293415328
1.0154586089917657
1.0569113452231012
1.1053748712519234
1.0773004784265985
1.4184734865967739
1.019430163553614
1.209636505911021
1.0932747922438621
1.026387474117995
1.197539001355318
1.0364413767594927
1.223753666770215
1.064153370886143
1.0707460993826556
1.013800263271977
1.0847780240853313
1.127083019542889
1.0899634143088475
1.2374287375355957
1.014639811081588
1.0657536853602272
1.0577517905599882
1.1142349513776277
1.0119019610869244
1.0533583512049507
1.0457465987423253
1.0423456911540678
1.1392524742184853
1.0311931040067916
1.0655227150807225
1.1149611727143824
1.1007354922108443
1.2888265961126575
1.0565214969866503
1.8239001780224418
1.0615450298711133
1.005488654797119
1.0473197240707022
1.0946425287691954
1.06704353300033
1.029474302525001
1.1089367794045186
1.1242208914218792
1.2477604500959822
1.1988825279775202
1.0280991368119676
1.044824840091214
1.1364716475426264
1.066605799469838
1.1122973402916942
1.4166821397387173
1.3173615512056693
1.1241598785037143
1.0611211552720237
1.0914315842783213
1.0468822493340408
1.072532782845401
1.0983154617920876
1.1954198241875864
1.031959606979609
1.0742478322061382
1.05971679772655
1.1036505597441735
1.044956284634985
1.055264496485521
1.0598229436144573
1.1108124129587018
1.0613885588290606
1.1207411961970337
1.0551368238116945
1.0463988915856768
1.0522555865562024
1.4281944834730613
1.318377601706661
1.1502565978720574
1.1235636201747397
1.2767840731016922
1.2209489852539066
1.0303271319779344
1.0553847426391603
1.0700987030889915
1.0951379739006546
1.0695413685060506
1.0901500144573597
1.0916547671820998
1.0153921159368726
1.0084387884674244
1.0658788006111108
1.058240663389898
1.060792829930323
1.1632549968252024
1.2124864060414524
1.0459167593669985
1.1011219439563809
1.0372616812866684
1.0959245082152096
1.1181274496323137
1.1181738206768932
1.0123346274132066
1.2195456439029257
1.108444170343784
1.016666685632196
1.148071058854003
1.0204656436397808
1.0483968294849948
1.8761115023890087
1.0866407746454432
1.0980410993892968
1.0163832165609363
1.177536546430137
1.0037944749491312
1.13626580269341
1.081319384952482
1.061292017942086
1.2247474124678617
1.1947846810859992
1.486522479536228
1.1689384239914546
1.0336897617804774
1.0479741503473885
1.0876838413650864
1.0683270948892996
1.0164515419258526
1.0999795315067025
1.1907302263531898
1.3136511295735105
1.1208740285132115
1.112294201640233
1.0284443813684965
1.0632160600160963
1.0112779560930387
1.1257833229553738
1.8995585798984458
1.029817317692024
1.0829868802762623
1.1638582522365217
1.0202045590368298
1.0655045487155312
1.0153097005298963
1.1682716382343397
1.041787655797094
1.0376108393619974
1.1196193886569126
1.1125509228547679
1.0308738944420464
1.2081244406190945
1.0469234707802468
1.1264115758909563
1.201893618375926
1.3641223079256022
1.1544283325442888
1.0205420960641298
1.018069259250752
1.0380161814632258
1.0063761305123322
1.1001604820233175
1.0445402434377289
1.0523622192992677
1.062909542311653
1.412990578741981
1.0201574986552753
1.278259714085737
1.0358950727170468
1.1033632842195253
1.0218881978248187
1.0674390886619225
1.2939089793388914
1.0468943759004374
1.008022211678634
1.1050926038792213
1.0407496290514984
1.014588725634754
1.0858572439276244
1.072389032164348
1.0827262390279666
1.0976616617943045
1.0213954189268084
1.0517924985644094
1.346226519683517
1.133676361313881
1.1072346220032543
1.0153641697299995
1.044054441465305
1.052266901856605
1.015343207607534
1.1487485288105908
1.0308902667012902
1.2745273157081973
1.023289958849421
1.1324646985712696
1.1258358905264854
1.0452860456003004
1.0420862902284918
1.0575741294813428
1.0779964778851994
1.090454989899216
1.0883715439389956
1.0757517024766416
1.0367635020197732
1.0874856595160123
1.0150864226915233
1.0603044197276263
1.0245139553829103
