0.9150001211322115
0.0037619743932857776
0.08123790447450273
0.9992839379091586
0.0005736499809170912
0.00014241210992417967
0.6525290449893008
0.3451281639590049
0.0023427910516943314
0.9908863770267651
0.0009465856172107638
0.00816703735602422
0.9988015051557546
0.0011262619567682102
7.22328874771398e-05
0.6325721450409153
0.36670232525030694
0.000725529708777808
0.4284063900773422
0.3437853308636665
0.2278082790589913
0.48827434148260546
0.37205351444454043
0.13967214407285414
0.517093657285492
0.2734874433181257
0.20941889939638242
0.9820605891081625
0.01763687175928828
0.0003025391325490486
0.8513863422308485
0.1484816677631526
0.00013199000599888166
0.7624419646099504
0.23344181850997955
0.004116216880069973
